1 29 2697
2 24 2122
3 30 2746
4 30 2845
5 30 2680
6 33 3157
7 27 2500
8 31 2762
9 20 1827
10 29 2532
11 29 2697
12 27 2434
13 28 2648
14 30 2845
15 28 2714
16 28 2549
17 36 3436
18 28 2516
19 32 2910
20 29 2631
21 23 2172
22 31 2729
23 27 2500
24 24 2221
25 30 2845
26 29 2499
27 28 2615
28 32 2910
29 27 2500
30 27 2566
31 32 2910
32 23 2073
33 29 2664
34 26 2484
35 27 2467
36 25 2303
37 24 2221
38 28 2582
39 33 3124
40 30 2845
41 29 2499
42 30 2845
43 33 3091
44 26 2451
45 31 2960
46 22 1991
47 26 2385
48 26 2385
49 24 2254
50 25 2270
51 32 2976
52 25 2270
53 26 2484
54 25 2369
55 22 1991
56 25 2402
57 28 2582
58 25 2204
59 30 2812
60 26 2352
61 25 2336
62 32 3009
63 31 2795
64 31 2828
65 33 3025
66 27 2500
67 29 2664
68 29 2466
69 23 2205
70 27 2566
71 31 2762
72 30 2944
73 28 2681
74 27 2368
75 27 2467
76 27 2368
77 26 2418
78 30 2746
79 32 2910
80 25 2435
81 31 2795
82 29 2664
83 28 2483
84 27 2566
85 28 2648
86 23 2073
87 29 2697
88 29 2796
89 30 2812
90 24 2254
91 29 2697
92 26 2418
93 26 2352
94 28 2615
95 31 2861
96 31 2762
97 28 2615
98 31 2960
99 28 2615
100 29 2664
101 28 2714
102 33 2860
103 25 2303
104 29 2532
105 31 2861
106 28 2516
107 27 2434
108 28 2582
109 27 2566
110 26 2550
111 23 2238
112 27 2533
113 29 2697
114 26 2418
115 23 2139
116 22 2057
117 29 2631
118 28 2582
119 31 2828
120 31 2894
121 27 2467
122 31 2828
123 28 2681
124 28 2648
125 31 2960
126 23 2172
127 28 2714
128 27 2467
129 24 2188
130 28 2615
131 34 3074
132 28 2516
133 30 2746
134 27 2434
135 28 2582
136 28 2483
137 31 2762
138 30 2713
139 30 2779
140 25 2336
141 30 2746
142 26 2352
143 30 2779
144 23 2172
145 22 1958
146 24 2221
147 30 2779
148 27 2566
149 21 2041
150 32 2778
151 26 2418
152 25 2402
153 29 2598
154 30 2614
155 32 3141
156 28 2615
157 27 2500
158 23 2172
159 31 2927
160 31 2729
161 29 2598
162 31 2861
163 21 1876
164 30 2812
165 31 2861
166 28 2681
167 31 2960
168 28 2648
169 26 2253
170 24 2320
171 31 2828
172 24 2155
173 29 2697
174 28 2549
175 27 2533
176 28 2549
177 25 2402
178 29 2697
179 27 2467
180 28 2582
181 28 2483
182 27 2533
183 29 2697
184 22 2123
185 31 2861
186 29 2763
187 27 2500
188 29 2631
189 31 2729
190 32 2877
191 24 2089
192 27 2533
193 28 2582
194 30 2746
195 23 2106
196 30 2713
197 24 2221
198 25 2336
199 28 2582
200 27 2566
